HEADER = UNIT
DIMS0 = 16
DIMS1 = 16
DIMS2 = 16
DIMS3 = 16
PROP0 = propagator_16x16x16x16b6.000000k0.12500c1.000000id1.1n1